Columns: 40
Rows: 25
TileSize: 32
1111111111111111111111111111111111111111
1000000000000000000000000000000000000001
1000000000000000000000000000000000000001
1000000000000000000000000000000000000001
1000000000000000000000000000011121111111
1000000000000000000000000000000000000001
1000000000000000000000000000000000000001
1000000000000000000000000000000000000001
1000001111111111000000000000000000000001
1000000000000000000000000000000000000001
1000000000000000000000000000000000000001
1000000000000000000000000000000000000001
1000000000000000000000000000000000000001
1000000000000000000000000111111111110001
1000000000000000000000000000000000000001
1000000000000000000000000000000000000001
1000000000000000000000000000000000000001
1000000000000000000000000000000000000001
1000000000000000000000000000000000000001
1000111112111110000000000000000000000001
1000000000000000000000000000000000000001
1000000000000000000000000000000000000001
1000000000000000000000000000000000000001
1000000000000000000000000000000000000001
1111111111111111111111111111111111111111